eval_loss: 0.228759765625
eval_accuracy: 0.9250374812593704
eval_precision: 0.8984283588572907
eval_recall: 0.8799111891025788
eval_f1: 0.888408578315659
eval_runtime: 14.0423
eval_samples_per_second: 94.998
eval_steps_per_second: 11.893
